global index, local trajectory index, trajectory index, image path, tx, ty, tz, r11, r12, r13, r21, r22, r23, r31, r32, r33 
0, 4, 0, /home/ericcristofalo/Documents/Research/geodesic/dist_estimation_data/quad2_2019-01-10-21-49-04/image_0035.jpg,  1.243579,  1.241892,  0.352707,  -0.707183,  0.706517,  0.026958,  -0.706705,  -0.707500,  0.003392,  0.021469,  -0.016652,  0.999631
1, 5, 0, /home/ericcristofalo/Documents/Research/geodesic/dist_estimation_data/quad2_2019-01-10-21-49-04/image_0036.jpg,  1.240313,  1.237050,  0.356462,  -0.709250,  0.704422,  0.027460,  -0.704681,  -0.709524,  0.000300,  0.019694,  -0.019138,  0.999623
2, 10, 0, /home/ericcristofalo/Documents/Research/geodesic/dist_estimation_data/quad2_2019-01-10-21-49-04/image_0041.jpg,  1.234423,  1.202045,  0.355816,  -0.708323,  0.705285,  0.029171,  -0.705371,  -0.708781,  0.008965,  0.026999,  -0.014227,  0.999534
3, 15, 0, /home/ericcristofalo/Documents/Research/geodesic/dist_estimation_data/quad2_2019-01-10-21-49-04/image_0046.jpg,  1.263245,  1.219499,  0.461501,  -0.696350,  0.717252,  0.025420,  -0.717402,  -0.696646,  0.004273,  0.020774,  -0.015261,  0.999668
4, 21, 0, /home/ericcristofalo/Documents/Research/geodesic/dist_estimation_data/quad2_2019-01-10-21-49-04/image_0052.jpg,  1.297750,  1.243977,  0.530014,  -0.698900,  0.714933,  0.020245,  -0.714993,  -0.699111,  0.005410,  0.018021,  -0.010694,  0.999780
5, 28, 0, /home/ericcristofalo/Documents/Research/geodesic/dist_estimation_data/quad2_2019-01-10-21-49-04/image_0059.jpg,  1.266004,  1.283734,  0.555236,  -0.687333,  0.725928,  0.024536,  -0.726208,  -0.687464,  -0.003946,  0.014003,  -0.020530,  0.999691
6, 30, 0, /home/ericcristofalo/Documents/Research/geodesic/dist_estimation_data/quad2_2019-01-10-21-49-04/image_0061.jpg,  1.250709,  1.310409,  0.581439,  -0.687485,  0.725729,  0.026105,  -0.726033,  -0.687651,  -0.003421,  0.015469,  -0.021305,  0.999653
7, 35, 0, /home/ericcristofalo/Documents/Research/geodesic/dist_estimation_data/quad2_2019-01-10-21-49-04/image_0066.jpg,  1.209476,  1.341895,  0.643258,  -0.701505,  0.711763,  0.035837,  -0.712396,  -0.701733,  -0.007883,  0.019537,  -0.031060,  0.999327
8, 40, 0, /home/ericcristofalo/Documents/Research/geodesic/dist_estimation_data/quad2_2019-01-10-21-49-04/image_0071.jpg,  1.205032,  1.289890,  0.680319,  -0.696126,  0.717211,  0.031892,  -0.717552,  -0.696504,  0.001054,  0.022969,  -0.022151,  0.999491
9, 49, 0, /home/ericcristofalo/Documents/Research/geodesic/dist_estimation_data/quad2_2019-01-10-21-49-04/image_0080.jpg,  1.294644,  1.265152,  0.703906,  -0.700084,  0.713698,  0.022743,  -0.713858,  -0.700289,  0.001494,  0.016993,  -0.015189,  0.999740
10, 50, 0, /home/ericcristofalo/Documents/Research/geodesic/dist_estimation_data/quad2_2019-01-10-21-49-04/image_0081.jpg,  1.305463,  1.272787,  0.713037,  -0.699264,  0.714518,  0.022219,  -0.714780,  -0.699319,  -0.006464,  0.010920,  -0.020402,  0.999732
11, 55, 0, /home/ericcristofalo/Documents/Research/geodesic/dist_estimation_data/quad2_2019-01-10-21-49-04/image_0086.jpg,  1.296839,  1.276332,  0.805992,  -0.709320,  0.704473,  0.024133,  -0.704666,  -0.709539,  0.000730,  0.017637,  -0.016488,  0.999709
12, 64, 0, /home/ericcristofalo/Documents/Research/geodesic/dist_estimation_data/quad2_2019-01-10-21-49-04/image_0095.jpg,  1.293995,  1.312683,  0.931639,  -0.715057,  0.698629,  0.024720,  -0.698976,  -0.715086,  -0.009225,  0.011232,  -0.023875,  0.999652
13, 65, 0, /home/ericcristofalo/Documents/Research/geodesic/dist_estimation_data/quad2_2019-01-10-21-49-04/image_0096.jpg,  1.311465,  1.303192,  0.930823,  -0.716643,  0.697216,  0.017680,  -0.697403,  -0.716636,  -0.007879,  0.007177,  -0.017976,  0.999813
14, 70, 0, /home/ericcristofalo/Documents/Research/geodesic/dist_estimation_data/quad2_2019-01-10-21-49-04/image_0101.jpg,  1.333928,  1.270285,  0.970680,  -0.707929,  0.706103,  0.015983,  -0.706253,  -0.707928,  -0.006685,  0.006594,  -0.016021,  0.999850
15, 75, 0, /home/ericcristofalo/Documents/Research/geodesic/dist_estimation_data/quad2_2019-01-10-21-49-04/image_0106.jpg,  1.313834,  1.251432,  1.053868,  -0.712173,  0.701689,  0.021056,  -0.701834,  -0.712340,  0.000669,  0.015468,  -0.014302,  0.999778
16, 80, 0, /home/ericcristofalo/Documents/Research/geodesic/dist_estimation_data/quad2_2019-01-10-21-49-04/image_0111.jpg,  1.240719,  1.282720,  1.264792,  -0.725268,  0.687686,  0.032778,  -0.688282,  -0.725355,  -0.011337,  0.015979,  -0.030783,  0.999398
17, 85, 0, /home/ericcristofalo/Documents/Research/geodesic/dist_estimation_data/quad2_2019-01-10-21-49-04/image_0116.jpg,  1.226310,  1.209804,  1.343057,  -0.729883,  0.682832,  0.031793,  -0.682968,  -0.730404,  0.008067,  0.028730,  -0.015825,  0.999462
18, 90, 0, /home/ericcristofalo/Documents/Research/geodesic/dist_estimation_data/quad2_2019-01-10-21-49-04/image_0121.jpg,  1.234263,  1.212245,  1.377917,  -0.702442,  0.710930,  0.033973,  -0.711400,  -0.702783,  -0.002593,  0.022032,  -0.025990,  0.999419
19, 96, 0, /home/ericcristofalo/Documents/Research/geodesic/dist_estimation_data/quad2_2019-01-10-21-49-04/image_0127.jpg,  1.283798,  1.212530,  1.431622,  -0.709144,  0.704632,  0.024662,  -0.704760,  -0.709431,  0.004518,  0.020680,  -0.014177,  0.999686
20, 101, 0, /home/ericcristofalo/Documents/Research/geodesic/dist_estimation_data/quad2_2019-01-10-21-49-04/image_0132.jpg,  1.293885,  1.243505,  1.567079,  -0.694137,  0.719416,  0.024776,  -0.719620,  -0.694368,  0.000987,  0.017914,  -0.017145,  0.999693
21, 105, 0, /home/ericcristofalo/Documents/Research/geodesic/dist_estimation_data/quad2_2019-01-10-21-49-04/image_0136.jpg,  1.263218,  1.251650,  1.639052,  -0.720207,  0.692969,  0.033121,  -0.693179,  -0.720736,  0.006487,  0.028367,  -0.018287,  0.999430
22, 110, 0, /home/ericcristofalo/Documents/Research/geodesic/dist_estimation_data/quad2_2019-01-10-21-49-04/image_0141.jpg,  1.297198,  1.225391,  1.707429,  -0.704745,  0.709240,  0.017688,  -0.709160,  -0.704953,  0.011537,  0.020652,  -0.004413,  0.999777
23, 115, 0, /home/ericcristofalo/Documents/Research/geodesic/dist_estimation_data/quad2_2019-01-10-21-49-04/image_0146.jpg,  1.227059,  1.274859,  1.779242,  -0.694576,  0.718527,  0.035825,  -0.718860,  -0.695138,  0.004814,  0.028362,  -0.022409,  0.999346
24, 124, 0, /home/ericcristofalo/Documents/Research/geodesic/dist_estimation_data/quad2_2019-01-10-21-49-04/image_0155.jpg,  1.257463,  1.303513,  1.780095,  -0.714413,  0.698546,  0.040585,  -0.698818,  -0.715238,  0.009419,  0.035607,  -0.021632,  0.999132
25, 125, 0, /home/ericcristofalo/Documents/Research/geodesic/dist_estimation_data/quad2_2019-01-10-21-49-04/image_0156.jpg,  1.261623,  1.309515,  1.586800,  -0.714946,  0.698760,  0.024235,  -0.698901,  -0.715210,  0.003452,  0.019745,  -0.014470,  0.999700
26, 133, 0, /home/ericcristofalo/Documents/Research/geodesic/dist_estimation_data/quad2_2019-01-10-21-49-04/image_0164.jpg,  1.281611,  1.320806,  0.166095,  -0.704223,  0.709714,  0.019383,  -0.709900,  -0.704289,  -0.004303,  0.010597,  -0.016790,  0.999803
27, 139, 0, /home/ericcristofalo/Documents/Research/geodesic/dist_estimation_data/quad2_2019-01-10-21-49-04/image_0170.jpg,  1.255887,  1.320693,  0.132097,  -0.774937,  0.631648,  0.022206,  -0.631614,  -0.775226,  0.009413,  0.023160,  -0.006732,  0.999709
28, 4, 1, /home/ericcristofalo/Documents/Research/geodesic/dist_estimation_data/quad2_2019-01-10-21-55-11/image_0035.jpg,  -1.270703,  1.279599,  0.760449,  0.702330,  0.711576,  -0.019804,  -0.711456,  0.702596,  0.013782,  0.023721,  0.004410,  0.999709
29, 5, 1, /home/ericcristofalo/Documents/Research/geodesic/dist_estimation_data/quad2_2019-01-10-21-55-11/image_0036.jpg,  -1.258458,  1.286181,  0.808282,  0.706240,  0.707666,  -0.020824,  -0.707593,  0.706519,  0.011956,  0.023173,  0.006291,  0.999712
30, 10, 1, /home/ericcristofalo/Documents/Research/geodesic/dist_estimation_data/quad2_2019-01-10-21-55-11/image_0041.jpg,  -1.221746,  1.298194,  0.970062,  0.709156,  0.704424,  -0.029741,  -0.704496,  0.709641,  0.009771,  0.027988,  0.014023,  0.999510
31, 15, 1, /home/ericcristofalo/Documents/Research/geodesic/dist_estimation_data/quad2_2019-01-10-21-55-11/image_0046.jpg,  -1.225879,  1.297476,  1.139598,  0.708420,  0.705369,  -0.024386,  -0.705323,  0.708786,  0.011922,  0.025694,  0.008755,  0.999632
32, 20, 1, /home/ericcristofalo/Documents/Research/geodesic/dist_estimation_data/quad2_2019-01-10-21-55-11/image_0051.jpg,  -1.244730,  1.298641,  1.318106,  0.714721,  0.699045,  -0.022564,  -0.699116,  0.714984,  0.005912,  0.020266,  0.011549,  0.999728
33, 25, 1, /home/ericcristofalo/Documents/Research/geodesic/dist_estimation_data/quad2_2019-01-10-21-55-11/image_0056.jpg,  -1.258151,  1.289967,  1.481550,  0.706983,  0.706797,  -0.024753,  -0.706874,  0.707305,  0.006971,  0.022435,  0.012569,  0.999669
34, 30, 1, /home/ericcristofalo/Documents/Research/geodesic/dist_estimation_data/quad2_2019-01-10-21-55-11/image_0061.jpg,  -1.264199,  1.292152,  1.613361,  0.710393,  0.703365,  -0.024893,  -0.703504,  0.710679,  0.004116,  0.020586,  0.014588,  0.999682
35, 35, 1, /home/ericcristofalo/Documents/Research/geodesic/dist_estimation_data/quad2_2019-01-10-21-55-11/image_0066.jpg,  -1.299528,  1.282777,  1.734455,  0.710527,  0.703426,  -0.018516,  -0.703476,  0.710703,  0.004761,  0.016508,  0.009643,  0.999817
36, 40, 1, /home/ericcristofalo/Documents/Research/geodesic/dist_estimation_data/quad2_2019-01-10-21-55-11/image_0071.jpg,  -1.295881,  1.223010,  1.807913,  0.710587,  0.703299,  -0.020895,  -0.703178,  0.710878,  0.013911,  0.024637,  0.004808,  0.999685
37, 45, 1, /home/ericcristofalo/Documents/Research/geodesic/dist_estimation_data/quad2_2019-01-10-21-55-11/image_0076.jpg,  -1.383094,  1.172783,  1.644179,  0.693226,  0.720511,  -0.017395,  -0.720254,  0.693443,  0.019255,  0.025935,  -0.000819,  0.999663
38, 51, 1, /home/ericcristofalo/Documents/Research/geodesic/dist_estimation_data/quad2_2019-01-10-21-55-11/image_0082.jpg,  -1.408018,  1.210657,  0.502655,  0.688927,  0.724717,  -0.012849,  -0.724683,  0.689036,  0.007967,  0.014627,  0.003823,  0.999886
39, 56, 1, /home/ericcristofalo/Documents/Research/geodesic/dist_estimation_data/quad2_2019-01-10-21-55-11/image_0087.jpg,  -1.396206,  1.235047,  0.114113,  0.669116,  0.743077,  -0.010992,  -0.742870,  0.669195,  0.017932,  0.020680,  -0.003833,  0.999779
40, 4, 2, /home/ericcristofalo/Documents/Research/geodesic/dist_estimation_data/quad2_2019-01-10-22-29-51/image_0035.jpg,  -1.186413,  -1.251772,  0.903733,  0.685168,  -0.727237,  -0.040874,  0.726070,  0.686385,  -0.041212,  0.058026,  -0.001440,  0.998314
41, 5, 2, /home/ericcristofalo/Documents/Research/geodesic/dist_estimation_data/quad2_2019-01-10-22-29-51/image_0036.jpg,  -1.205416,  -1.271657,  0.911963,  0.688689,  -0.724376,  -0.031416,  0.723551,  0.689405,  -0.034576,  0.046704,  0.001081,  0.998908
42, 12, 2, /home/ericcristofalo/Documents/Research/geodesic/dist_estimation_data/quad2_2019-01-10-22-29-51/image_0043.jpg,  -1.233788,  -1.330165,  0.783446,  0.735923,  -0.677020,  -0.007871,  0.677022,  0.735958,  -0.002763,  0.007663,  -0.003296,  0.999965
43, 15, 2, /home/ericcristofalo/Documents/Research/geodesic/dist_estimation_data/quad2_2019-01-10-22-29-51/image_0046.jpg,  -1.238938,  -1.328764,  0.471503,  0.714762,  -0.699295,  -0.010096,  0.699348,  0.714776,  0.002738,  0.005301,  -0.009018,  0.999945
44, 20, 2, /home/ericcristofalo/Documents/Research/geodesic/dist_estimation_data/quad2_2019-01-10-22-29-51/image_0051.jpg,  -1.249832,  -1.278816,  0.329595,  0.703928,  -0.710245,  -0.006050,  0.710153,  0.703941,  -0.012238,  0.012951,  0.004318,  0.999907
45, 25, 2, /home/ericcristofalo/Documents/Research/geodesic/dist_estimation_data/quad2_2019-01-10-22-29-51/image_0056.jpg,  -1.258713,  -1.252398,  0.288225,  0.706730,  -0.707395,  -0.011178,  0.707328,  0.706818,  -0.009763,  0.014807,  -0.001006,  0.999890
46, 30, 2, /home/ericcristofalo/Documents/Research/geodesic/dist_estimation_data/quad2_2019-01-10-22-29-51/image_0061.jpg,  -1.239496,  -1.239669,  0.287269,  0.710794,  -0.703165,  -0.018201,  0.703174,  0.710984,  -0.007018,  0.017875,  -0.007811,  0.999810
47, 37, 2, /home/ericcristofalo/Documents/Research/geodesic/dist_estimation_data/quad2_2019-01-10-22-29-51/image_0068.jpg,  -1.240632,  -1.233212,  0.289006,  0.706186,  -0.707793,  -0.018177,  0.707694,  0.706408,  -0.012498,  0.021686,  -0.004038,  0.999757
48, 40, 2, /home/ericcristofalo/Documents/Research/geodesic/dist_estimation_data/quad2_2019-01-10-22-29-51/image_0071.jpg,  -1.258591,  -1.252744,  0.296103,  0.705446,  -0.708606,  -0.014946,  0.708553,  0.705594,  -0.009523,  0.017294,  -0.003873,  0.999843
49, 46, 2, /home/ericcristofalo/Documents/Research/geodesic/dist_estimation_data/quad2_2019-01-10-22-29-51/image_0077.jpg,  -1.273245,  -1.262990,  0.316635,  0.702768,  -0.711308,  -0.012604,  0.711264,  0.702874,  -0.008469,  0.014883,  -0.003013,  0.999885
50, 53, 2, /home/ericcristofalo/Documents/Research/geodesic/dist_estimation_data/quad2_2019-01-10-22-29-51/image_0084.jpg,  -1.260600,  -1.254857,  0.324641,  0.703812,  -0.710296,  -0.011336,  0.710182,  0.703902,  -0.012803,  0.017073,  0.000960,  0.999854
51, 55, 2, /home/ericcristofalo/Documents/Research/geodesic/dist_estimation_data/quad2_2019-01-10-22-29-51/image_0086.jpg,  -1.239072,  -1.252669,  0.343135,  0.701791,  -0.712140,  -0.018587,  0.711983,  0.702032,  -0.015198,  0.023871,  -0.002568,  0.999712
52, 60, 2, /home/ericcristofalo/Documents/Research/geodesic/dist_estimation_data/quad2_2019-01-10-22-29-51/image_0091.jpg,  -1.225085,  -1.251907,  0.560949,  0.704080,  -0.709952,  -0.015465,  0.709906,  0.704236,  -0.009220,  0.017437,  -0.004487,  0.999838
53, 65, 2, /home/ericcristofalo/Documents/Research/geodesic/dist_estimation_data/quad2_2019-01-10-22-29-51/image_0096.jpg,  -1.227810,  -1.265271,  0.868589,  0.702509,  -0.711456,  -0.017625,  0.711403,  0.702710,  -0.010234,  0.019666,  -0.005349,  0.999792
54, 70, 2, /home/ericcristofalo/Documents/Research/geodesic/dist_estimation_data/quad2_2019-01-10-22-29-51/image_0101.jpg,  -1.258019,  -1.300362,  1.262263,  0.714301,  -0.699663,  -0.015662,  0.699690,  0.714432,  -0.004564,  0.014382,  -0.007699,  0.999867
55, 75, 2, /home/ericcristofalo/Documents/Research/geodesic/dist_estimation_data/quad2_2019-01-10-22-29-51/image_0106.jpg,  -1.275069,  -1.297288,  1.461534,  0.715814,  -0.698139,  -0.014595,  0.698091,  0.715953,  -0.009025,  0.016750,  -0.003729,  0.999853
56, 80, 2, /home/ericcristofalo/Documents/Research/geodesic/dist_estimation_data/quad2_2019-01-10-22-29-51/image_0111.jpg,  -1.297944,  -1.290881,  1.628591,  0.708443,  -0.705651,  -0.012846,  0.705599,  0.708555,  -0.008931,  0.015404,  -0.002737,  0.999878
57, 89, 2, /home/ericcristofalo/Documents/Research/geodesic/dist_estimation_data/quad2_2019-01-10-22-29-51/image_0120.jpg,  -1.304494,  -1.266545,  1.574948,  0.710452,  -0.703308,  -0.024819,  0.703155,  0.710859,  -0.015890,  0.028818,  -0.006163,  0.999566
58, 90, 2, /home/ericcristofalo/Documents/Research/geodesic/dist_estimation_data/quad2_2019-01-10-22-29-51/image_0121.jpg,  -1.313895,  -1.282091,  1.156792,  0.712507,  -0.701443,  -0.017623,  0.701435,  0.712692,  -0.007680,  0.017947,  -0.006889,  0.999815
59, 95, 2, /home/ericcristofalo/Documents/Research/geodesic/dist_estimation_data/quad2_2019-01-10-22-29-51/image_0126.jpg,  -1.352982,  -1.311682,  0.304053,  0.714321,  -0.699769,  -0.008290,  0.699767,  0.714362,  -0.003581,  0.008428,  -0.003243,  0.999959
60, 4, 3, /home/ericcristofalo/Documents/Research/geodesic/dist_estimation_data/quad2_2019-01-10-22-35-00/image_0035.jpg,  1.268677,  -1.237292,  0.290621,  -0.703956,  -0.710188,  0.008853,  0.710099,  -0.704010,  -0.011389,  0.014321,  -0.001731,  0.999896
61, 5, 3, /home/ericcristofalo/Documents/Research/geodesic/dist_estimation_data/quad2_2019-01-10-22-35-00/image_0036.jpg,  1.260368,  -1.240858,  0.288220,  -0.702552,  -0.711576,  0.008967,  0.711527,  -0.702609,  -0.008385,  0.012267,  0.000489,  0.999925
62, 10, 3, /home/ericcristofalo/Documents/Research/geodesic/dist_estimation_data/quad2_2019-01-10-22-35-00/image_0041.jpg,  1.250210,  -1.291849,  0.292149,  -0.699211,  -0.714889,  0.006207,  0.714850,  -0.699238,  -0.007497,  0.009700,  -0.000805,  0.999953
63, 15, 3, /home/ericcristofalo/Documents/Research/geodesic/dist_estimation_data/quad2_2019-01-10-22-35-00/image_0046.jpg,  1.264228,  -1.318816,  0.305765,  -0.698858,  -0.715247,  0.004268,  0.715233,  -0.698871,  -0.004630,  0.006295,  -0.000183,  0.999980
64, 20, 3, /home/ericcristofalo/Documents/Research/geodesic/dist_estimation_data/quad2_2019-01-10-22-35-00/image_0051.jpg,  1.286808,  -1.307828,  0.314054,  -0.705455,  -0.708703,  0.008571,  0.708673,  -0.705506,  -0.006673,  0.010776,  0.001367,  0.999941
65, 26, 3, /home/ericcristofalo/Documents/Research/geodesic/dist_estimation_data/quad2_2019-01-10-22-35-00/image_0057.jpg,  1.299166,  -1.282350,  0.325492,  -0.708974,  -0.705234,  0.000483,  0.705222,  -0.708965,  -0.005549,  0.004256,  -0.003594,  0.999984
66, 32, 3, /home/ericcristofalo/Documents/Research/geodesic/dist_estimation_data/quad2_2019-01-10-22-35-00/image_0063.jpg,  1.294144,  -1.271096,  0.330563,  -0.698204,  -0.715896,  0.002058,  0.715878,  -0.698202,  -0.005735,  0.005543,  -0.002531,  0.999981
67, 35, 3, /home/ericcristofalo/Documents/Research/geodesic/dist_estimation_data/quad2_2019-01-10-22-35-00/image_0066.jpg,  1.285987,  -1.263416,  0.331078,  -0.698146,  -0.715951,  0.002377,  0.715896,  -0.698127,  -0.010513,  0.009186,  -0.005638,  0.999942
68, 40, 3, /home/ericcristofalo/Documents/Research/geodesic/dist_estimation_data/quad2_2019-01-10-22-35-00/image_0071.jpg,  1.279815,  -1.265412,  0.333572,  -0.695570,  -0.718454,  0.002693,  0.718401,  -0.695556,  -0.010107,  0.009134,  -0.005095,  0.999945
69, 45, 3, /home/ericcristofalo/Documents/Research/geodesic/dist_estimation_data/quad2_2019-01-10-22-35-00/image_0076.jpg,  1.285076,  -1.253034,  0.341570,  -0.708213,  -0.705995,  0.002090,  0.705969,  -0.708208,  -0.007067,  0.006470,  -0.003529,  0.999973
70, 53, 3, /home/ericcristofalo/Documents/Research/geodesic/dist_estimation_data/quad2_2019-01-10-22-35-00/image_0084.jpg,  1.280623,  -1.265685,  0.353340,  -0.707759,  -0.706444,  0.003635,  0.706349,  -0.707734,  -0.013542,  0.012139,  -0.007017,  0.999902
71, 55, 3, /home/ericcristofalo/Documents/Research/geodesic/dist_estimation_data/quad2_2019-01-10-22-35-00/image_0086.jpg,  1.290954,  -1.283291,  0.355170,  -0.704674,  -0.709531,  0.000287,  0.709516,  -0.704661,  -0.006210,  0.004608,  -0.004172,  0.999981
72, 60, 3, /home/ericcristofalo/Documents/Research/geodesic/dist_estimation_data/quad2_2019-01-10-22-35-00/image_0091.jpg,  1.265014,  -1.322958,  0.363349,  -0.707167,  -0.707019,  0.006178,  0.707015,  -0.707191,  -0.003248,  0.006665,  0.002071,  0.999976
73, 65, 3, /home/ericcristofalo/Documents/Research/geodesic/dist_estimation_data/quad2_2019-01-10-22-35-00/image_0096.jpg,  1.226493,  -1.335370,  0.525180,  -0.716563,  -0.697409,  0.012606,  0.697428,  -0.716646,  -0.003511,  0.011482,  0.006276,  0.999914
74, 70, 3, /home/ericcristofalo/Documents/Research/geodesic/dist_estimation_data/quad2_2019-01-10-22-35-00/image_0101.jpg,  1.222098,  -1.279346,  0.601748,  -0.715541,  -0.698413,  0.014873,  0.698307,  -0.715693,  -0.012262,  0.019208,  0.001612,  0.999814
75, 75, 3, /home/ericcristofalo/Documents/Research/geodesic/dist_estimation_data/quad2_2019-01-10-22-35-00/image_0106.jpg,  1.239896,  -1.254017,  0.683166,  -0.719868,  -0.694044,  0.009663,  0.694003,  -0.719932,  -0.007654,  0.012268,  0.001196,  0.999924
76, 81, 3, /home/ericcristofalo/Documents/Research/geodesic/dist_estimation_data/quad2_2019-01-10-22-35-00/image_0112.jpg,  1.287933,  -1.262269,  0.743729,  -0.723282,  -0.690540,  0.004085,  0.690501,  -0.723288,  -0.007965,  0.008455,  -0.002940,  0.999960
77, 85, 3, /home/ericcristofalo/Documents/Research/geodesic/dist_estimation_data/quad2_2019-01-10-22-35-00/image_0116.jpg,  1.272057,  -1.305889,  0.771883,  -0.710062,  -0.704065,  0.010245,  0.704084,  -0.710113,  -0.002196,  0.008821,  0.005654,  0.999945
78, 93, 3, /home/ericcristofalo/Documents/Research/geodesic/dist_estimation_data/quad2_2019-01-10-22-35-00/image_0124.jpg,  1.245826,  -1.292806,  1.079904,  -0.713966,  -0.700076,  0.012094,  0.700086,  -0.714047,  -0.004110,  0.011513,  0.005532,  0.999918
79, 95, 3, /home/ericcristofalo/Documents/Research/geodesic/dist_estimation_data/quad2_2019-01-10-22-35-00/image_0126.jpg,  1.249034,  -1.285362,  1.124040,  -0.711673,  -0.702403,  0.012342,  0.702428,  -0.711749,  -0.002829,  0.010771,  0.006656,  0.999920
80, 100, 3, /home/ericcristofalo/Documents/Research/geodesic/dist_estimation_data/quad2_2019-01-10-22-35-00/image_0131.jpg,  1.227139,  -1.288116,  1.314276,  -0.717368,  -0.696500,  0.016438,  0.696545,  -0.717503,  -0.003813,  0.014451,  0.008714,  0.999858
81, 105, 3, /home/ericcristofalo/Documents/Research/geodesic/dist_estimation_data/quad2_2019-01-10-22-35-00/image_0136.jpg,  1.226241,  -1.265246,  1.431466,  -0.712258,  -0.701743,  0.015702,  0.701750,  -0.712398,  -0.005935,  0.015351,  0.006791,  0.999859
82, 110, 3, /home/ericcristofalo/Documents/Research/geodesic/dist_estimation_data/quad2_2019-01-10-22-35-00/image_0141.jpg,  1.208860,  -1.271365,  1.661572,  -0.706838,  -0.707029,  0.022147,  0.707028,  -0.707126,  -0.009198,  0.022164,  0.009157,  0.999712
83, 118, 3, /home/ericcristofalo/Documents/Research/geodesic/dist_estimation_data/quad2_2019-01-10-22-35-00/image_0149.jpg,  1.176246,  -1.281610,  1.743046,  -0.709526,  -0.704016,  0.030564,  0.704104,  -0.710032,  -0.009619,  0.028473,  0.014695,  0.999487
84, 120, 3, /home/ericcristofalo/Documents/Research/geodesic/dist_estimation_data/quad2_2019-01-10-22-35-00/image_0151.jpg,  1.183613,  -1.280535,  1.194678,  -0.721814,  -0.691991,  0.011544,  0.692054,  -0.721842,  0.002237,  0.006784,  0.009604,  0.999931
85, 125, 3, /home/ericcristofalo/Documents/Research/geodesic/dist_estimation_data/quad2_2019-01-10-22-35-00/image_0156.jpg,  1.212492,  -1.217858,  0.337305,  -0.709002,  -0.705026,  0.015965,  0.704856,  -0.709182,  -0.015485,  0.022240,  0.000274,  0.999753
86, 133, 3, /home/ericcristofalo/Documents/Research/geodesic/dist_estimation_data/quad2_2019-01-10-22-35-00/image_0164.jpg,  1.200440,  -1.186239,  0.178874,  -0.707905,  -0.706265,  0.007806,  0.706034,  -0.707895,  -0.020037,  0.019677,  -0.008673,  0.999769
87, 135, 3, /home/ericcristofalo/Documents/Research/geodesic/dist_estimation_data/quad2_2019-01-10-22-35-00/image_0166.jpg,  1.200067,  -1.183165,  0.168513,  -0.707993,  -0.706180,  0.007414,  0.705946,  -0.707972,  -0.020394,  0.019650,  -0.009205,  0.999765
88, 140, 3, /home/ericcristofalo/Documents/Research/geodesic/dist_estimation_data/quad2_2019-01-10-22-35-00/image_0171.jpg,  1.198735,  -1.183476,  0.150171,  -0.708301,  -0.705872,  0.007323,  0.705615,  -0.708267,  -0.021578,  0.020418,  -0.010116,  0.999740
89, 4, 4, /home/ericcristofalo/Documents/Research/geodesic/dist_estimation_data/quad2_2019-01-10-22-37-53/image_0035.jpg,  1.733143,  -0.016829,  0.437029,  -0.999775,  0.004880,  0.020661,  -0.004766,  -0.999973,  0.005552,  0.020688,  0.005452,  0.999771
90, 5, 4, /home/ericcristofalo/Documents/Research/geodesic/dist_estimation_data/quad2_2019-01-10-22-37-53/image_0036.jpg,  1.734437,  -0.006553,  0.440758,  -0.999764,  0.001941,  0.021617,  -0.001892,  -0.999996,  0.002308,  0.021621,  0.002266,  0.999764
91, 10, 4, /home/ericcristofalo/Documents/Research/geodesic/dist_estimation_data/quad2_2019-01-10-22-37-53/image_0041.jpg,  1.751454,  0.032406,  0.450169,  -0.999864,  0.006004,  0.015357,  -0.005979,  -0.999981,  0.001670,  0.015366,  0.001578,  0.999881
92, 16, 4, /home/ericcristofalo/Documents/Research/geodesic/dist_estimation_data/quad2_2019-01-10-22-37-53/image_0047.jpg,  1.757249,  0.044801,  0.466801,  -0.999656,  0.002715,  0.026080,  -0.002790,  -0.999992,  -0.002842,  0.026072,  -0.002914,  0.999656
93, 20, 4, /home/ericcristofalo/Documents/Research/geodesic/dist_estimation_data/quad2_2019-01-10-22-37-53/image_0051.jpg,  1.793713,  0.029559,  0.480326,  -0.999873,  -0.000577,  0.015951,  0.000596,  -0.999999,  0.001171,  0.015950,  0.001180,  0.999872
94, 25, 4, /home/ericcristofalo/Documents/Research/geodesic/dist_estimation_data/quad2_2019-01-10-22-37-53/image_0056.jpg,  1.813747,  0.126249,  0.483423,  -0.973879,  0.226831,  0.010332,  -0.226548,  -0.973724,  0.023189,  0.015321,  0.020243,  0.999678
95, 30, 4, /home/ericcristofalo/Documents/Research/geodesic/dist_estimation_data/quad2_2019-01-10-22-37-53/image_0061.jpg,  1.739769,  0.378379,  0.463364,  -0.910743,  0.412840,  0.010506,  -0.412360,  -0.910482,  0.031346,  0.022506,  0.024216,  0.999453
96, 35, 4, /home/ericcristofalo/Documents/Research/geodesic/dist_estimation_data/quad2_2019-01-10-22-37-53/image_0066.jpg,  1.649513,  0.706269,  0.503990,  -0.812674,  0.582719,  -0.000089,  -0.582574,  -0.812468,  0.022433,  0.013000,  0.018282,  0.999748
97, 40, 4, /home/ericcristofalo/Documents/Research/geodesic/dist_estimation_data/quad2_2019-01-10-22-37-53/image_0071.jpg,  1.448820,  1.100585,  0.550908,  -0.691290,  0.722553,  -0.005979,  -0.722526,  -0.691117,  0.017700,  0.008657,  0.016555,  0.999825
98, 45, 4, /home/ericcristofalo/Documents/Research/geodesic/dist_estimation_data/quad2_2019-01-10-22-37-53/image_0076.jpg,  1.190948,  1.439628,  0.568460,  -0.551419,  0.834215,  -0.004670,  -0.834226,  -0.551396,  0.005515,  0.002026,  0.006937,  0.999974
99, 50, 4, /home/ericcristofalo/Documents/Research/geodesic/dist_estimation_data/quad2_2019-01-10-22-37-53/image_0081.jpg,  0.943976,  1.611419,  0.554519,  -0.415345,  0.909664,  0.000214,  -0.909662,  -0.415344,  0.002220,  0.002108,  0.000728,  0.999998
100, 56, 4, /home/ericcristofalo/Documents/Research/geodesic/dist_estimation_data/quad2_2019-01-10-22-37-53/image_0087.jpg,  0.615862,  1.710000,  0.535045,  -0.178672,  0.983879,  -0.007669,  -0.983865,  -0.178585,  0.010830,  0.009286,  0.009481,  0.999912
101, 60, 4, /home/ericcristofalo/Documents/Research/geodesic/dist_estimation_data/quad2_2019-01-10-22-37-53/image_0091.jpg,  0.316738,  1.722199,  0.561568,  -0.028756,  0.999584,  -0.002407,  -0.999482,  -0.028718,  0.014501,  0.014426,  0.002822,  0.999892
102, 65, 4, /home/ericcristofalo/Documents/Research/geodesic/dist_estimation_data/quad2_2019-01-10-22-37-53/image_0096.jpg,  -0.023581,  1.703588,  0.536724,  0.084711,  0.996405,  -0.000346,  -0.996253,  0.084704,  0.017453,  0.017419,  -0.001134,  0.999848
103, 71, 4, /home/ericcristofalo/Documents/Research/geodesic/dist_estimation_data/quad2_2019-01-10-22-37-53/image_0102.jpg,  -0.155785,  1.723996,  0.570544,  0.132719,  0.990951,  -0.020038,  -0.990990,  0.133037,  0.015473,  0.017999,  0.017804,  0.999679
104, 75, 4, /home/ericcristofalo/Documents/Research/geodesic/dist_estimation_data/quad2_2019-01-10-22-37-53/image_0106.jpg,  -0.278408,  1.750437,  0.596017,  0.301196,  0.953212,  -0.025853,  -0.953478,  0.301420,  0.005137,  0.012690,  0.023103,  0.999653
105, 80, 4, /home/ericcristofalo/Documents/Research/geodesic/dist_estimation_data/quad2_2019-01-10-22-37-53/image_0111.jpg,  -0.516345,  1.702049,  0.574336,  0.461680,  0.886797,  -0.021036,  -0.886920,  0.461885,  0.005975,  0.015014,  0.015899,  0.999761
106, 85, 4, /home/ericcristofalo/Documents/Research/geodesic/dist_estimation_data/quad2_2019-01-10-22-37-53/image_0116.jpg,  -0.863575,  1.562936,  0.596401,  0.657636,  0.752749,  -0.029732,  -0.753075,  0.657934,  0.000330,  0.019811,  0.022173,  0.999558
107, 90, 4, /home/ericcristofalo/Documents/Research/geodesic/dist_estimation_data/quad2_2019-01-10-22-37-53/image_0121.jpg,  -1.181826,  1.325225,  0.597141,  0.821093,  0.570152,  -0.027079,  -0.570513,  0.821254,  -0.007562,  0.017927,  0.021658,  0.999605
108, 95, 4, /home/ericcristofalo/Documents/Research/geodesic/dist_estimation_data/quad2_2019-01-10-22-37-53/image_0126.jpg,  -1.427888,  0.958805,  0.618615,  0.906873,  0.420786,  -0.022831,  -0.420708,  0.907158,  0.008357,  0.024228,  0.002026,  0.999704
109, 100, 4, /home/ericcristofalo/Documents/Research/geodesic/dist_estimation_data/quad2_2019-01-10-22-37-53/image_0131.jpg,  -1.613796,  0.613983,  0.612559,  0.974631,  0.222437,  -0.024833,  -0.222537,  0.974923,  -0.001273,  0.023927,  0.006767,  0.999691
110, 106, 4, /home/ericcristofalo/Documents/Research/geodesic/dist_estimation_data/quad2_2019-01-10-22-37-53/image_0137.jpg,  -1.729667,  0.310669,  0.615859,  0.976499,  0.213983,  -0.025719,  -0.213656,  0.976796,  0.014873,  0.028305,  -0.009028,  0.999559
111, 110, 4, /home/ericcristofalo/Documents/Research/geodesic/dist_estimation_data/quad2_2019-01-10-22-37-53/image_0141.jpg,  -1.759654,  0.271676,  0.619817,  0.993165,  0.114486,  -0.022705,  -0.114768,  0.993326,  -0.011513,  0.021236,  0.014040,  0.999676
112, 115, 4, /home/ericcristofalo/Documents/Research/geodesic/dist_estimation_data/quad2_2019-01-10-22-37-53/image_0146.jpg,  -1.774986,  0.122673,  0.615889,  0.998182,  -0.053807,  -0.027152,  0.053547,  0.998513,  -0.010195,  0.027660,  0.008723,  0.999579
113, 120, 4, /home/ericcristofalo/Documents/Research/geodesic/dist_estimation_data/quad2_2019-01-10-22-37-53/image_0151.jpg,  -1.773687,  -0.091061,  0.648922,  0.968780,  -0.247121,  -0.019885,  0.246381,  0.968588,  -0.033670,  0.027581,  0.027720,  0.999235
114, 129, 4, /home/ericcristofalo/Documents/Research/geodesic/dist_estimation_data/quad2_2019-01-10-22-37-53/image_0160.jpg,  -1.728238,  -0.542373,  0.634269,  0.953539,  -0.300693,  -0.018621,  0.300738,  0.953707,  -0.000433,  0.017889,  -0.005188,  0.999827
115, 130, 4, /home/ericcristofalo/Documents/Research/geodesic/dist_estimation_data/quad2_2019-01-10-22-37-53/image_0161.jpg,  -1.729739,  -0.557230,  0.634009,  0.953630,  -0.300366,  -0.019220,  0.300407,  0.953811,  -0.000812,  0.018576,  -0.005000,  0.999815
116, 135, 4, /home/ericcristofalo/Documents/Research/geodesic/dist_estimation_data/quad2_2019-01-10-22-37-53/image_0166.jpg,  -1.725705,  -0.608174,  0.640609,  0.922435,  -0.385855,  -0.015139,  0.385431,  0.922400,  -0.024939,  0.023587,  0.017169,  0.999574
117, 140, 4, /home/ericcristofalo/Documents/Research/geodesic/dist_estimation_data/quad2_2019-01-10-22-37-53/image_0171.jpg,  -1.630405,  -0.767040,  0.646078,  0.848921,  -0.528225,  -0.017648,  0.527959,  0.849085,  -0.017724,  0.024347,  0.005729,  0.999687
118, 145, 4, /home/ericcristofalo/Documents/Research/geodesic/dist_estimation_data/quad2_2019-01-10-22-37-53/image_0176.jpg,  -1.549016,  -0.905473,  0.641207,  0.843153,  -0.537257,  -0.021136,  0.537185,  0.843412,  -0.009458,  0.022907,  -0.003379,  0.999732
119, 150, 4, /home/ericcristofalo/Documents/Research/geodesic/dist_estimation_data/quad2_2019-01-10-22-37-53/image_0181.jpg,  -1.461660,  -1.028480,  0.656708,  0.723647,  -0.690168,  -0.001485,  0.689835,  0.723362,  -0.029590,  0.021496,  0.020388,  0.999561
120, 156, 4, /home/ericcristofalo/Documents/Research/geodesic/dist_estimation_data/quad2_2019-01-10-22-37-53/image_0187.jpg,  -1.295208,  -1.232815,  0.654702,  0.671937,  -0.740500,  -0.012637,  0.740333,  0.672055,  -0.015799,  0.020192,  0.001261,  0.999795
121, 160, 4, /home/ericcristofalo/Documents/Research/geodesic/dist_estimation_data/quad2_2019-01-10-22-37-53/image_0191.jpg,  -1.162076,  -1.376815,  0.651121,  0.585175,  -0.810819,  -0.011962,  0.810748,  0.585289,  -0.011193,  0.016077,  -0.003148,  0.999866
122, 165, 4, /home/ericcristofalo/Documents/Research/geodesic/dist_estimation_data/quad2_2019-01-10-22-37-53/image_0196.jpg,  -1.083346,  -1.490740,  0.652195,  0.581031,  -0.813840,  -0.008243,  0.813783,  0.581089,  -0.009641,  0.012636,  -0.001106,  0.999920
123, 170, 4, /home/ericcristofalo/Documents/Research/geodesic/dist_estimation_data/quad2_2019-01-10-22-37-53/image_0201.jpg,  -0.935244,  -1.586421,  0.657173,  0.429619,  -0.902996,  0.005044,  0.902922,  0.429492,  -0.016393,  0.012637,  0.011598,  0.999853
124, 175, 4, /home/ericcristofalo/Documents/Research/geodesic/dist_estimation_data/quad2_2019-01-10-22-37-53/image_0206.jpg,  -0.651009,  -1.720650,  0.657744,  0.229439,  -0.973296,  -0.007268,  0.973256,  0.229505,  -0.010013,  0.011413,  -0.004777,  0.999923
125, 180, 4, /home/ericcristofalo/Documents/Research/geodesic/dist_estimation_data/quad2_2019-01-10-22-37-53/image_0211.jpg,  -0.305107,  -1.819772,  0.659272,  0.007877,  -0.999903,  0.011513,  0.999969,  0.007866,  -0.001015,  0.000924,  0.011520,  0.999933
126, 185, 4, /home/ericcristofalo/Documents/Research/geodesic/dist_estimation_data/quad2_2019-01-10-22-37-53/image_0216.jpg,  0.181636,  -1.805488,  0.662170,  -0.248036,  -0.968750,  -0.000922,  0.968746,  -0.248038,  0.002713,  -0.002857,  -0.000220,  0.999996
127, 194, 4, /home/ericcristofalo/Documents/Research/geodesic/dist_estimation_data/quad2_2019-01-10-22-37-53/image_0225.jpg,  0.831362,  -1.509195,  0.676784,  -0.707513,  -0.706463,  0.018329,  0.706541,  -0.707666,  -0.002902,  0.015022,  0.010897,  0.999828
128, 195, 4, /home/ericcristofalo/Documents/Research/geodesic/dist_estimation_data/quad2_2019-01-10-22-37-53/image_0226.jpg,  0.883242,  -1.468344,  0.681982,  -0.727706,  -0.685645,  0.018293,  0.685675,  -0.727886,  -0.005558,  0.017126,  0.008499,  0.999817
129, 200, 4, /home/ericcristofalo/Documents/Research/geodesic/dist_estimation_data/quad2_2019-01-10-22-37-53/image_0231.jpg,  1.149130,  -1.248002,  0.687505,  -0.793778,  -0.608064,  0.013212,  0.608082,  -0.793868,  -0.003113,  0.012381,  0.005563,  0.999908
130, 205, 4, /home/ericcristofalo/Documents/Research/geodesic/dist_estimation_data/quad2_2019-01-10-22-37-53/image_0236.jpg,  1.418305,  -0.982867,  0.676652,  -0.867090,  -0.497990,  0.012707,  0.497855,  -0.867171,  -0.012409,  0.017199,  -0.004434,  0.999842
131, 210, 4, /home/ericcristofalo/Documents/Research/geodesic/dist_estimation_data/quad2_2019-01-10-22-37-53/image_0241.jpg,  1.588497,  -0.721223,  0.681058,  -0.938368,  -0.344876,  0.022931,  0.345064,  -0.938568,  0.004673,  0.019910,  0.012298,  0.999726
132, 215, 4, /home/ericcristofalo/Documents/Research/geodesic/dist_estimation_data/quad2_2019-01-10-22-37-53/image_0246.jpg,  1.657225,  -0.452310,  0.693672,  -0.963961,  -0.265018,  0.023329,  0.264623,  -0.964171,  -0.018700,  0.027449,  -0.011853,  0.999553
133, 220, 4, /home/ericcristofalo/Documents/Research/geodesic/dist_estimation_data/quad2_2019-01-10-22-37-53/image_0251.jpg,  1.640713,  -0.368084,  0.691866,  -0.973513,  -0.225994,  0.034632,  0.225977,  -0.974123,  -0.004458,  0.034744,  0.003486,  0.999390
134, 225, 4, /home/ericcristofalo/Documents/Research/geodesic/dist_estimation_data/quad2_2019-01-10-22-37-53/image_0256.jpg,  1.648039,  -0.267757,  0.695657,  -0.999172,  -0.022938,  0.033593,  0.023414,  -0.999630,  0.013843,  0.033263,  0.014618,  0.999340
135, 230, 4, /home/ericcristofalo/Documents/Research/geodesic/dist_estimation_data/quad2_2019-01-10-22-37-53/image_0261.jpg,  1.697090,  -0.106013,  0.683864,  -0.999561,  -0.005294,  0.029140,  0.005138,  -0.999972,  -0.005445,  0.029168,  -0.005293,  0.999561
136, 238, 4, /home/ericcristofalo/Documents/Research/geodesic/dist_estimation_data/quad2_2019-01-10-22-37-53/image_0269.jpg,  1.718882,  -0.096975,  0.172082,  -0.999652,  0.016060,  0.020949,  -0.016587,  -0.999544,  -0.025233,  0.020534,  -0.025572,  0.999462
137, 4, 5, /home/ericcristofalo/Documents/Research/geodesic/dist_estimation_data/quad2_2019-01-10-22-48-22/image_0035.jpg,  0.716623,  -1.583859,  1.002903,  -0.580988,  -0.813196,  0.034146,  0.813855,  -0.580932,  0.012554,  0.009628,  0.035084,  0.999338
138, 5, 5, /home/ericcristofalo/Documents/Research/geodesic/dist_estimation_data/quad2_2019-01-10-22-48-22/image_0036.jpg,  0.779495,  -1.554444,  1.008464,  -0.598859,  -0.800492,  0.024098,  0.800807,  -0.598881,  0.007115,  0.008736,  0.023559,  0.999684
139, 10, 5, /home/ericcristofalo/Documents/Research/geodesic/dist_estimation_data/quad2_2019-01-10-22-48-22/image_0041.jpg,  1.200408,  -1.301896,  1.027134,  -0.796601,  -0.603800,  0.029187,  0.604337,  -0.796589,  0.014920,  0.014241,  0.029525,  0.999463
140, 15, 5, /home/ericcristofalo/Documents/Research/geodesic/dist_estimation_data/quad2_2019-01-10-22-48-22/image_0046.jpg,  1.493475,  -0.952372,  1.027971,  -0.913221,  -0.407201,  0.014672,  0.407216,  -0.913330,  -0.002089,  0.014251,  0.004067,  0.999890
141, 20, 5, /home/ericcristofalo/Documents/Research/geodesic/dist_estimation_data/quad2_2019-01-10-22-48-22/image_0051.jpg,  1.657415,  -0.624020,  1.028188,  -0.973351,  -0.227982,  0.024738,  0.228405,  -0.973438,  0.015818,  0.020475,  0.021047,  0.999569
142, 25, 5, /home/ericcristofalo/Documents/Research/geodesic/dist_estimation_data/quad2_2019-01-10-22-48-22/image_0056.jpg,  1.766656,  -0.316546,  1.043124,  -0.997455,  -0.068004,  0.021438,  0.068178,  -0.997645,  0.007527,  0.020875,  0.008970,  0.999742
143, 30, 5, /home/ericcristofalo/Documents/Research/geodesic/dist_estimation_data/quad2_2019-01-10-22-48-22/image_0061.jpg,  1.813338,  -0.020295,  1.069316,  -0.996227,  0.085027,  0.017401,  -0.084957,  -0.996373,  0.004713,  0.017738,  0.003217,  0.999837
144, 35, 5, /home/ericcristofalo/Documents/Research/geodesic/dist_estimation_data/quad2_2019-01-10-22-48-22/image_0066.jpg,  1.790432,  0.237104,  1.055019,  -0.957418,  0.288283,  0.015581,  -0.287770,  -0.957268,  0.028749,  0.023203,  0.023041,  0.999465
145, 40, 5, /home/ericcristofalo/Documents/Research/geodesic/dist_estimation_data/quad2_2019-01-10-22-48-22/image_0071.jpg,  1.727703,  0.521648,  1.077298,  -0.943657,  0.330143,  0.022760,  -0.330193,  -0.943912,  0.001620,  0.022018,  -0.005986,  0.999740
146, 45, 5, /home/ericcristofalo/Documents/Research/geodesic/dist_estimation_data/quad2_2019-01-10-22-48-22/image_0076.jpg,  1.690452,  0.652885,  1.092120,  -0.910971,  0.412282,  0.012486,  -0.411961,  -0.910933,  0.022119,  0.020493,  0.015006,  0.999677
147, 50, 5, /home/ericcristofalo/Documents/Research/geodesic/dist_estimation_data/quad2_2019-01-10-22-48-22/image_0081.jpg,  1.625105,  0.815308,  1.094146,  -0.838220,  0.545292,  0.006688,  -0.545082,  -0.838143,  0.020072,  0.016551,  0.013179,  0.999776
148, 55, 5, /home/ericcristofalo/Documents/Research/geodesic/dist_estimation_data/quad2_2019-01-10-22-48-22/image_0086.jpg,  1.518543,  1.044787,  1.105341,  -0.745919,  0.665989,  0.007978,  -0.665973,  -0.745960,  0.004925,  0.009231,  -0.001639,  0.999956
149, 60, 5, /home/ericcristofalo/Documents/Research/geodesic/dist_estimation_data/quad2_2019-01-10-22-48-22/image_0091.jpg,  1.349627,  1.262253,  1.115325,  -0.598002,  0.801428,  -0.010358,  -0.801449,  -0.597780,  0.018389,  0.008546,  0.019298,  0.999777
150, 65, 5, /home/ericcristofalo/Documents/Research/geodesic/dist_estimation_data/quad2_2019-01-10-22-48-22/image_0096.jpg,  1.111704,  1.490230,  1.111701,  -0.450890,  0.892528,  -0.009656,  -0.892576,  -0.450831,  0.007681,  0.002502,  0.012082,  0.999924
151, 72, 5, /home/ericcristofalo/Documents/Research/geodesic/dist_estimation_data/quad2_2019-01-10-22-48-22/image_0103.jpg,  0.580978,  1.726764,  1.113906,  -0.151765,  0.988347,  -0.011722,  -0.988412,  -0.151719,  0.004709,  0.002876,  0.012301,  0.999920
152, 75, 5, /home/ericcristofalo/Documents/Research/geodesic/dist_estimation_data/quad2_2019-01-10-22-48-22/image_0106.jpg,  0.309227,  1.759406,  1.125057,  0.009595,  0.999793,  -0.017962,  -0.999913,  0.009755,  0.008853,  0.009027,  0.017875,  0.999799
